20140824T102044.15  38.20666 -122.29787  8.919  6.02
20140824T102145.51  38.23206 -122.31974  9.121  3.81
20140824T102444.30  38.25017 -122.33189 11.019  3.51
20140824T102716.09  38.23045 -122.32031  9.934  2.47
20140824T102725.92  38.23772 -122.32785  7.077  2.20
20140824T103703.76  38.21637 -122.32695  9.859  2.03
20140824T103825.63  38.21873 -122.33124 10.221  1.75
20140824T104208.53  38.21752 -122.30880  5.890  1.46
20140824T104539.96  38.22640 -122.31626  7.893  2.17
20140824T104609.84  38.22182 -122.31452  7.376  1.41
20140824T104725.85  38.20544 -122.31821 10.723  2.22
20140824T104747.99  38.20590 -122.31173  6.592  1.53
20140824T105137.32  38.21742 -122.32551 10.733  1.44
20140824T105238.77  38.22058 -122.31195  8.016  1.64
20140824T105349.37  38.22160 -122.31374  8.648  2.34
20140824T105502.93  38.24037 -122.33335  8.875  2.25
20140824T105702.49  38.20933 -122.31553  6.176  1.62
20140824T105746.60  38.21330 -122.31712 12.999  2.09
20140824T110437.71  38.22463 -122.31840  9.127  1.79
20140824T110706.68  38.22048 -122.34207 10.313  1.66
20140824T110730.25  38.22405 -122.32210  9.615  1.71
20140824T111307.02  38.24834 -122.32613 10.089  1.18
20140824T111537.05  38.27590 -122.35271  6.689  0.92
20140824T111549.02  38.22110 -122.32667  9.662  1.23
20140824T111830.59  38.23134 -122.32266 11.233  1.30
20140824T112207.83  38.21623 -122.31084  9.844  2.35
20140824T112923.66  38.22663 -122.31221  7.961  1.57
20140824T112944.97  38.27453 -122.34561  9.241  1.37
20140824T113158.36  38.19446 -122.30317  7.983  1.23
20140824T113230.20  38.23166 -122.34809  8.843  1.11
20140824T113251.08  38.21720 -122.31399  7.060  1.25
20140824T113317.67  38.22112 -122.31478  8.451  1.68
20140824T113349.68  38.22589 -122.33074 10.096  2.20
20140824T113428.47  38.23202 -122.32263  7.890  1.24
20140824T113731.34  38.23270 -122.31807  8.707  1.63
20140824T114042.20  38.24088 -122.31378  8.863  1.42
20140824T114059.97  38.22247 -122.31450  7.448  1.08
20140824T114154.44  38.23641 -122.34455 11.500  2.25
20140824T114556.01  38.22525 -122.33910 10.143  1.37
20140824T115256.28  38.22037 -122.31789  8.144  1.86
20140824T115950.79  38.23644 -122.32960  7.776  1.47
20140824T120120.43  38.23261 -122.31548  7.744  2.42
20140824T120722.94  38.24223 -122.33128  6.973  1.72
20140824T120850.56  38.27800 -122.34981  8.814  1.27
20140824T121024.11  38.23351 -122.32569  7.197  1.71
20140824T121909.97  38.22975 -122.31960  8.996  2.19
20140824T123331.03  38.24384 -122.32456  8.446  1.02
20140824T123358.01  38.20983 -122.31918  6.212  1.22
20140824T123522.77  38.22110 -122.31217  9.810  2.06
20140824T123738.62  38.23982 -122.33195  9.085  2.02
20140824T124528.42  38.28584 -122.35388  7.895  1.24
20140824T124712.58  38.23362 -122.33619  7.961  3.60
20140824T125231.85  38.21944 -122.31127  8.076  1.64
20140824T125637.88  38.22172 -122.31531  9.633  1.91
20140824T131025.90  38.24479 -122.32940  8.978  0.96
20140824T132147.15  38.25231 -122.30849  7.939  1.66
20140824T132429.65  38.25362 -122.33016 10.855  2.33
20140824T133150.77  38.21107 -122.32843  7.133  1.36
20140824T133348.37  38.22489 -122.32286  8.007  1.22
20140824T133701.36  38.22305 -122.31021  8.276  1.09
20140824T140447.64  38.28767 -122.35301  8.197  1.55
20140824T141210.43  38.19439 -122.34093  6.196  1.27
20140824T141241.40  38.20801 -122.31879  6.962  1.14
20140824T142219.57  38.24272 -122.32931  9.205  2.39
20140824T142344.90  38.23327 -122.29126 11.575  1.69
20140824T142926.58  38.22297 -122.32977  9.539  1.16
20140824T144940.13  38.23921 -122.33230  9.321  2.03
20140824T145423.67  38.19929 -122.33758  9.620  2.77
20140824T150256.68  38.23766 -122.33013  8.872  2.09
20140824T150733.68  38.24287 -122.33785 11.703  1.30
20140824T151048.71  38.21897 -122.31174  8.844  2.57
20140824T151357.44  38.21885 -122.31753  7.657  1.70
20140824T154351.80  38.22829 -122.32207  7.264  1.06
20140824T155010.96  38.27470 -122.34616  9.147  1.21
20140824T160101.90  38.16375 -122.29299  6.689  1.09
20140824T160646.92  38.22058 -122.32003  8.198  1.86
20140824T160713.11  38.22068 -122.31989  8.254  1.84
20140824T161646.43  38.23866 -122.33013  9.116  1.80
20140824T161853.32  38.27588 -122.34569  9.224  1.28
20140824T162812.90  38.21240 -122.31326  8.285  1.18
20140824T170842.54  38.28401 -122.35569  8.836  1.60
20140824T171910.29  38.22972 -122.32244  9.128  1.28
20140824T172001.52  38.29101 -122.35584  9.047  1.10
20140824T173330.03  38.22578 -122.31709  9.118  2.25
20140824T174536.74  38.23883 -122.32783  8.629  1.93
20140824T175039.78  38.20875 -122.31928  6.342  1.41
20140824T180019.85  38.26331 -122.33462  9.628  1.72
20140824T185108.35  38.23675 -122.32522  9.099  1.22
20140824T185317.61  38.22404 -122.31344  8.948  1.11
20140824T191217.13  38.21650 -122.31210  7.331  1.72
20140824T192954.43  38.24381 -122.33335  7.948  1.27
20140824T195107.88  38.20989 -122.32185  6.386  1.29
20140824T202753.06  38.21501 -122.31210  8.017  1.42
20140824T210042.73  38.23779 -122.32874  7.662  1.36
20140824T213735.67  38.24291 -122.32940  9.220  1.35
20140824T213831.78  38.24057 -122.33046  8.965  2.19
20140825T000511.78  38.22385 -122.31591  7.605  1.24
20140825T001713.69  38.22102 -122.31540  7.735  1.11
20140825T010239.06  38.22100 -122.31052  9.601  1.69
20140825T013208.74  38.25402 -122.33781  9.376  1.49
20140825T023056.79  38.23846 -122.33459  7.513  1.53
20140825T032408.61  38.21052 -122.31264  8.980  2.41
20140825T040056.61  38.20719 -122.31493  6.473  1.24
20140825T051357.12  38.24477 -122.33214  8.280  1.16
20140825T055731.32  38.24997 -122.32928 10.009  1.83
20140825T062824.18  38.27723 -122.34934  7.827  1.20
20140825T065230.48  38.24061 -122.33404  7.349  1.30
20140825T121059.83  38.22846 -122.32449 10.945  1.29
20140825T154002.01  38.22816 -122.32193  8.550  1.41
20140825T200246.23  38.24391 -122.33022 10.651  1.47
20140825T200846.29  38.23717 -122.33086  7.504  1.29
20140825T211647.09  38.24432 -122.32941 10.249  1.50
20140825T221158.91  38.25270 -122.33000 10.009  1.88
20140825T221206.79  38.27858 -122.34487  7.715  1.67
20140825T225123.59  38.29196 -122.34810  7.108  1.19
20140825T231657.11  38.27345 -122.33882  9.059  1.72
20140825T231930.54  38.21650 -122.31792  8.306  1.13
20140825T235410.69  38.24029 -122.33324  7.881  1.73
20140826T000234.65  38.23599 -122.33078  7.558  2.79
20140826T011141.67  38.24418 -122.33702  7.198  1.46
20140826T013510.95  38.27445 -122.33915  7.661  1.21
20140826T035541.01  38.25117 -122.34475  6.764  1.29
20140826T044446.91  38.21479 -122.31726  8.122  1.10
20140826T080919.27  38.22575 -122.32053  7.325  1.41
20140826T114026.70  38.22637 -122.31634  8.649  1.87
20140826T123316.94  38.17058 -122.28996 10.183  3.90
20140826T123552.97  38.17105 -122.29117 10.136  2.70
20140826T123759.16  38.17413 -122.29013  9.325  1.85
20140826T124207.80  38.17223 -122.30295  7.018  1.25
20140826T131219.92  38.17549 -122.29175  9.562  2.71
20140826T134552.66  38.23743 -122.33006  9.416  2.99
20140826T163547.73  38.23218 -122.33120  7.490  1.88
20140826T175651.09  38.24013 -122.33448  8.414  2.52
20140826T190043.73  38.25420 -122.32265  8.255  1.26
20140826T191228.06  38.24286 -122.33717  7.884  1.51
20140826T232700.60  38.16690 -122.29273  8.645  2.06 
