20140824T112211.730000 38.21959160579689 -122.2942765794049 9.951769137695853
20140824T113233.570000 38.217903946103256 -122.3301127150462 9.049142734603908
20140824T113254.800000 38.226367844484955 -122.30338422882132 9.524890116027462
20140824T113321.280000 38.222856083607795 -122.29500240355581 9.849423661651764
20140824T113353.290000 38.23117119117334 -122.30970566993078 9.257605604619231
20140824T113734.780000 38.226265210947865 -122.33766731961391 8.681731139569592
20140824T114103.600000 38.22794636685425 -122.30117935131247 9.554135935322284
20140824T114157.800000 38.22589007945943 -122.33998867129245 8.62262500389561
20140824T114559.390000 38.229811290671485 -122.30784884573289 9.307802373389451
20140824T115300.040000 38.23227757349833 -122.31115858253034 9.200813228698655
20140824T115954.100000 38.22995986126775 -122.35115313473781 8.218707389973321
20140824T120123.960000 38.232784092284334 -122.3124595344792 9.152743966523023
20140824T120726.180000 38.223757629225545 -122.34129213390803 8.6384409160221
20140824T121027.550000 38.232222752605786 -122.31003202000701 9.230024644756668
20140824T121913.550000 38.21885465702639 -122.33141912910479 8.993120463631643
20140824T123334.200000 38.22095639634432 -122.33744773925758 8.811401455795302
20140824T123401.860000 38.22622388194184 -122.28889135834888 9.956627398992268
20140824T123526.570000 38.232947877178475 -122.31002987535871 9.252830171784646
20140824T123741.900000 38.21834757915614 -122.3338129133762 8.90194540908546
20140824T124715.960000 38.234057683183345 -122.31706492418758 9.092370741195191
20140824T125235.550000 38.22679247610358 -122.29972567530359 8.636765443662483
20140824T125641.670000 38.23298678442131 -122.31512862235525 9.895420446917171
20140824T132150.440000 38.21912272087501 -122.33641504705801 8.237715624480009
20140824T132432.800000 38.24134883325718 -122.35450324133426 10.297282898034553
20140824T133154.250000 38.230852986358826 -122.29487400884999 10.114986797340741
20140824T133704.840000 38.227689858449885 -122.30779890462965 8.238196833304778
20140824T141245.240000 38.22859261558521 -122.29907655450373 11.103945666837213
20140824T142348.800000 38.221173398592356 -122.2643842721477 8.296262062286605
20140824T142930.120000 38.23200405758293 -122.31378046310886 10.162019163914305
20140824T144943.490000 38.21719202958209 -122.34215640790185 8.146452529217932
20140824T150300.020000 38.216227709299446 -122.33225659226461 9.01057165556901
20140824T150736.900000 38.21654128443615 -122.33803198653203 8.021751371249012
20140824T151052.400000 38.23301584099417 -122.31443988324646 8.682280671090309
20140824T151401.040000 38.21653766764977 -122.30413506027772 7.957930491602919
20140824T154355.310000 38.23375063963659 -122.31290602025496 8.831136961522336
20140824T160650.570000 38.21669398063406 -122.30774544237238 8.000276920537601
20140824T160716.780000 38.2302789602062 -122.31033514001987 10.472346938708524
20140824T161649.720000 38.21732843088062 -122.3290967128685 9.529116259372651
20140824T162816.680000 38.23331786605014 -122.3121746089982 8.728460946618664
20140824T171913.920000 38.233454521712694 -122.31765422541605 8.715105251984403
20140824T173333.700000 38.2335954239615 -122.31831472702116 8.70263985565689
20140824T174540.040000 38.217589757298285 -122.32961613876373 9.521011269975483
20140824T191220.760000 38.21518511653954 -122.30291682801095 7.913655522862697
20140824T192957.640000 38.217996470891784 -122.34941890767084 9.67994894306744
20140824T202756.810000 38.228818458845254 -122.30098993510073 11.048764850536365
20140824T210046.040000 38.216420372529086 -122.339841015498 9.478455841348529
20140824T213738.940000 38.25862496287416 -122.38459665886886 11.60790064241681
20140824T213835.040000 38.232230278932185 -122.3189176545553 8.54610321584662
20140825T000515.410000 38.21783441665522 -122.32783632625221 9.650334837981596
20140825T001717.310000 38.23437015673743 -122.29467736244716 8.97948133377459
20140825T010242.920000 38.23511645066564 -122.29309314798282 9.034829738237649
20140825T013211.720000 38.211351022276936 -122.37154404567897 9.13766302354653
20140825T023100.090000 38.21816371081921 -122.32844370191417 9.850870093566849
20140825T032412.600000 38.21659823190678 -122.29418241949368 7.282112235150934
20140825T040100.530000 38.23786958513657 -122.28302363232343 10.160625056338922
20140825T055734.510000 38.21706687082996 -122.33965161349596 10.049339720846314
20140825T154005.530000 38.228885761525554 -122.3085569393912 8.02210675155707
20140825T231934.180000 38.22675513891223 -122.30462808861097 7.758189332785931
20140826T000238.030000 38.231462778518726 -122.32068769234542 8.489429997956833
20140826T011144.880000 38.21774427953002 -122.32962319818238 9.848959751977123
20140826T035543.970000 38.20988763043579 -122.35832658979693 8.443467991689253
20140826T044450.630000 38.22221297934509 -122.29529308963029 7.267220994439652
20140826T080922.840000 38.21825621158683 -122.32665398750949 9.89517585094545
20140826T114030.280000 38.23137513102254 -122.31469124965234 8.349607605642406
20140826T134556.040000 38.21815080567147 -122.32738736629834 9.913767737529817
